dataName [[ 0.22517872  0.07798124 -0.22557102 ...  0.30094165  0.2921887
   0.28293124]
 [-0.02840725 -0.10212876 -0.17960791 ...  0.29020268  0.27297077
   0.26197249]
 [-0.24647269 -0.16162881 -0.11025688 ... -0.09014516 -0.11126778
  -0.35590554]
 ...
 [ 0.85462564  0.33724682 -0.06406249 ...  0.9336735   1.02695409
   1.0718127 ]
 [ 0.60081889  0.23274264 -0.0085005  ...  0.99860967  1.06931304
   1.06162855]
 [ 0.69795619  0.56619193  0.45333258 ...  0.99062318  0.97683626
   0.95487836]]
